program [Program1File.txt]
icache   dcache                                         Total
 size     size   block   WT(0)  i-hit    d-hit    CPI   clock
(byte)   (byte) (lines)  WB(1)  rate(%) rate(%)        cycles
  128     256      16       0   99.71   82.20    1.99   825133
  128     256      16       1   99.20   85.00    2.02   839947
  128     256       4       0   99.81   79.87    2.02   838966
  128     256       4       1   99.65   93.96    1.93   803089
  128     256       1       0   99.85   50.70    2.79   1160909
  128     256       1       1   99.82   81.98    2.43   1007938
   64    1024      16       0   89.38   92.09    4.50   1868120
   64    1024      16       1   90.83   87.51    3.96   1645561
   64    1024       4       0   98.54   98.58    1.81   750748
   64    1024       4       1   99.22   99.22    1.79   744775
   64    1024       1       0   97.66   97.04    1.94   806206
   64    1024       1       1   98.19   97.36    1.93   801661


program [Program2File.txt]
icache   dcache                                         Total
 size     size   block   WT(0)  i-hit    d-hit    CPI   clock
(byte)   (byte) (lines)  WB(1)  rate(%) rate(%)        cycles
   64     512      16       0   54.03   73.27    6.34    76923
   64     512      16       1   64.78   41.35    6.16    75166
   64     512       4       0   76.07   69.53    3.59    43581
   64     512       4       1   80.70   69.65    3.49    42451
   64     512       1       0   78.16   53.96    4.48    54361
   64     512       1       1   80.02   64.49    4.38    53162
  128     256      16       0   78.55   8.55     6.67    80991
  128     256      16       1   74.22   7.79     8.54   104172
  128     256       4       0   99.53   47.71    1.62    19720
  128     256       4       1   99.32   58.09    1.66    20170
  128     256       1       0   98.97   45.91    1.76    21425
  128     256       1       1   98.50   63.93    1.71    20758
  256     128      16       0   99.62   12.37    3.29    39914
  256     128      16       1   99.71   5.72     5.30    64670
  256     128       4       0   99.67   47.08    1.62    19658
  256     128       4       1   99.29   58.10    1.66    20201
  256     128       1       0   99.14   45.56    1.75    21217
  256     128       1       1   98.66   67.62    1.69    20590